Scores:
1 (12): 4  4  6  3  4  6  3  5  5  4  4  6  3  5  6  4  5  6
2 (09): 4  4  6  3  5  5  3  4  6  3  5  6  4  4  5  3  4  5
3 (19): 5  5  7  3  6  6  3  6  5  6  5  6  5  5  5  4  6  6
4 (03): 3  4  6  3  3  5  3  5  5  3  3  5  3  5  5  4  4  5
5 (06): 4  4  5  3  5  5  4  5  5  3  5  5  4  4  4  3  3  5
6 (17): 5  4  7  3  6  5  5  4  7  5  4  6  3  6  6  3  5  6
7 (01): 4  4  6  3  4  5  2  4  5  3  4  5  3  4  5  2  4  5
8 (14): 4  4  7  3  6  4  4  4  6  3  6  5  4  5  5  4  4  8

Handicapped scores:
Par:    4   4   3   4   4   4   3   4   5   4   3   4   4   5   4   3   4   5
Hcp:    3  11  13   5   1  17  15   7   9   6  14  12   4   2  10  16  18   8
Hole:   1   2   3   4   5   6   7   8   9  10  11  12  13  14  15  16  17  18

1 (12): 3   3   6   2   3   6   3   4   4   3   4   5   2   4   5   4   5   5
2 (09): 3   4   6   2   4   5   3   3   5   2   5   6   3   3   5   3   4   4
3 (19): 4   4   6   2   4   5   2   5   4   5   4   5   4   4   4   3   5   5
4 (03): 2   4   6   3   2   5   3   5   5   3   3   5   3   4   5   4   4   5
5 (06): 3   4   5   2   4   5   4   5   5   2   5   5   3   3   4   3   3   5
6 (17): 4   3   6   2   5   4   4   3   6   4   3   5   2   5   5   2   5   5
7 (01): 4   4   6   3   3   5   2   4   5   3   4   5   3   4   5   2   4   5
8 (14): 3   3   6   2   5   4   4   3   5   2   5   4   3   4   4   4   4   7

Raw scores:
1:     23  34  66  22  24  55  23  35  45  23  34  55  23  34  45  34  45  45
2:     23  34  66  22  24  55  23  35  45  23  34  55  23  34  45  34  45  45
3:     23  34  66  22  24  55  23  35  45  23  34  55  23  34  45  34  45  45
4:     23  34  66  22  24  55  23  35  45  23  34  55  23  34  45  34  45  45
5:     34  34  56  22  35  45  24  34  55  23  35  45  23  34  45  23  34  55
6:     34  34  56  22  35  45  24  34  55  23  35  45  23  34  45  23  34  55
7:     34  34  56  22  35  45  24  34  55  23  35  45  23  34  45  23  34  55
8:     34  34  56  22  35  45  24  34  55  23  35  45  23  34  45  23  34  55

Flipped scores:
1:     23  34  66  22  24  55  23  35  45  23  34  55  23  34  45  43  54  45
2:     23  34  66  22  24  55  23  35  45  23  34  55  23  34  45  43  54  45
3:     23  34  66  22  24  55  23  35  45  23  34  55  23  34  45  43  54  45
4:     23  34  66  22  24  55  23  35  45  23  34  55  23  34  45  43  54  45
5:     43  34  56  22  53  45  24  34  55  23  35  45  23  34  45  23  34  55
6:     43  34  56  22  53  45  24  34  55  23  35  45  23  34  45  23  34  55
7:     43  34  56  22  53  45  24  34  55  23  35  45  23  34  45  23  34  55
8:     43  34  56  22  53  45  24  34  55  23  35  45  23  34  45  23  34  55

Earned points:
1:     20   0   0   0  29   0   1   0  10   0   1   0   0   0   0   0   0  10
2:     20   0   0   0  29   0   1   0  10   0   1   0   0   0   0   0   0  10
3:     20   0   0   0  29   0   1   0  10   0   1   0   0   0   0   0   0  10
4:     20   0   0   0  29   0   1   0  10   0   1   0   0   0   0   0   0  10
5:      0   0  10   0   0  10   0   1   0   0   0  10   0   0   0  20  20   0
6:      0   0  10   0   0  10   0   1   0   0   0  10   0   0   0  20  20   0
7:      0   0  10   0   0  10   0   1   0   0   0  10   0   0   0  20  20   0
8:      0   0  10   0   0  10   0   1   0   0   0  10   0   0   0  20  20   0

Earned point sums:
1:      71
2:      71
3:      71
4:      71
5:      71
6:      71
7:      71
8:      71

Adjusted Sums:
1:     0
2:     0
3:     0
4:     0
5:     0
6:     0
7:     0
8:     0
