Scores:
1 (12): 4  4  6  3  4  6  3  5  5  4  4  6  3  5  6  4  5  6
2 (09): 4  4  6  3  5  5  3  4  6  3  5  6  4  4  5  3  4  5
3 (19): 5  5  7  3  6  6  3  6  5  6  5  6  5  5  5  4  6  6
4 (03): 3  4  6  3  3  5  3  5  5  3  3  5  3  5  5  4  4  5
5 (06): 4  4  5  3  5  5  4  5  5  3  5  5  4  4  4  3  3  5
6 (17): 5  4  7  3  6  5  5  4  7  5  4  6  3  6  6  3  5  6
7 (01): 4  4  6  3  4  5  2  4  5  3  4  5  3  4  5  2  4  5
8 (14): 4  4  7  3  6  4  4  4  6  3  6  5  4  5  5  4  4  8

Handicapped scores:
Par:    4   4   3   4   4   4   3   4   5   4   3   4   4   5   4   3   4   5
Hcp:    3  11  13   5   1  17  15   7   9   6  14  12   4   2  10  16  18   8
Hole:   1   2   3   4   5   6   7   8   9  10  11  12  13  14  15  16  17  18

1 (12): 3   3   6   2   3   6   3   4   4   3   4   5   2   4   5   4   5   5
2 (09): 3   4   6   2   4   5   3   3   5   2   5   6   3   3   5   3   4   4
3 (19): 4   4   6   2   4   5   2   5   4   5   4   5   4   4   4   3   5   5
4 (03): 2   4   6   3   2   5   3   5   5   3   3   5   3   4   5   4   4   5
5 (06): 3   4   5   2   4   5   4   5   5   2   5   5   3   3   4   3   3   5
6 (17): 4   3   6   2   5   4   4   3   6   4   3   5   2   5   5   2   5   5
7 (01): 4   4   6   3   3   5   2   4   5   3   4   5   3   4   5   2   4   5
8 (14): 3   3   6   2   5   4   4   3   5   2   5   4   3   4   4   4   4   7

Raw scores:
1:     33  34  66  22  35  56  34  34  44  33  45  55  23  44  55  34  45  55
2:     33  44  66  22  44  45  23  34  55  25  35  56  33  34  55  34  45  45
3:     24  34  66  23  45  55  24  55  44  25  44  45  34  45  45  34  45  55
4:     24  44  66  23  23  45  34  55  55  33  35  55  23  34  45  34  45  57
5:     34  44  56  22  44  55  34  35  55  22  45  56  34  34  45  23  34  55
6:     34  33  66  22  35  45  24  35  56  34  35  55  23  45  45  24  45  45
7:     34  44  66  23  23  56  23  34  55  34  44  55  23  34  45  23  45  55
8:     34  33  56  23  45  45  34  34  56  22  35  45  33  44  45  24  34  57

Flipped scores:
1:     33  34  66  22  53  56  43  34  44  33  45  55  23  44  55  43  54  55
2:     33  44  66  22  88  45  23  34  55  25  35  56  33  34  55  43  54  45
3:     24  34  66  23 108  55  24  55  44  25  44  45  43  54  45  43  54  55
4:     24  44  66  23  23  45  43  55  55  33  35  55  23  34  45  43  54  75
5:     43  44  56  22  88  55  43  35  55  22  45  56  43  34  45  23  34  55
6:     43  33  66  22  53  45  24  35  65  43  35  55  23  54  45  24  54  45
7:     43  44  66  23  23  56  23  34  55  43  44  55  23  34  45  23  54  55
8:     43  33  56  23 108  45  43  34  65  22  35  45  33  44  45  24  34  75

Earned points:
1:     10  10   0   1  55   0   0  21  21  10   0   1  20  10   0   0   0  20
2:     10   0   0   1  20  11  20  21  10  18  10   0  10  20   0   0   0  30
3:     19  10   0   0   0   1  19   0  21  18   1  11   0   0  10   0   0  20
4:     19   0   0   0  85  11   0   0  10  10  10   1  20  20  10   0   0   0
5:      0   0  10   1  20   1   0  20  10  21   0   0   0  20  10  20  20  20
6:      0  11   0   1  55  11  19  20   0   0  10   1  20   0  10  19   0  30
7:      0   0   0   0  85   0  20  21  10   0   1   1  20  20  10  20   0  20
8:      0  11  10   0   0  11   0  21   0  21  10  11  10  10  10  19  20   0

Earned point sums:
1:     179
2:     181
3:     130
4:     196
5:     173
6:     207
7:     228
8:     164

Adjusted Sums:
1:     49
2:     51
3:     0
4:     66
5:     43
6:     77
7:     98
8:     34
