Scores:
1 (12): 4   4   6   3   4   6   3   5   5   4   4   6   3   5   6   4   5   5
2 (09): 4   4   6   3   5   5   3   4   6   3   5   6   4   4   5   3   4   4
3 (19): 5   5   7   3   6   6   3   6   5   6   5   6   5   5   5   4   6   5
4 (03): 3   4   6   3   3   5   3   5   5   3   3   5   3   5   5   4   4   4
5 (06): 4   4   5   3   5   5   4   5   5   3   5   5   4   4   4   3   3   4
6 (17): 5   4   7   3   6   5   5   4   7   5   4   6   3   6   6   3   5   5
7 (01): 4   4   6   3   4   5   2   4   5   3   4   5   3   4   5   2   4   4
8 (14): 4   4   7   3   6   4   4   4   6   3   6   5   4   5   5   4   4   7

Handicapped scores:
Par:    5   4   4   3   4   4   3   5   3   4   3   4   4   5   4   4   3   5
Hcp:    5   1   9  17   7  13  11   3  15  12  18   4   8   2  14  10  16   6
Hole:   1   2   3   4   5   6   7   8   9  10  11  12  13  14  15  16  17  18

1 (12): 3   3   5   3   3   6   2   4   5   3   4   5   2   4   6   3   5   4
2 (09): 3   3   5   3   4   5   3   3   6   3   5   5   3   3   5   3   4   3
3 (19): 4   3   6   2   5   5   2   5   4   5   4   5   4   4   4   3   5   4
4 (03): 3   3   6   3   3   5   3   4   5   3   3   5   3   4   5   4   4   4
5 (06): 3   3   5   3   5   5   4   4   5   3   5   4   4   3   4   3   3   3
6 (17): 4   3   6   2   5   4   4   3   6   4   4   5   2   5   5   2   4   4
7 (01): 4   3   6   3   4   5   2   4   5   3   4   5   3   4   5   2   4   4
8 (14): 3   3   6   3   5   3   3   3   6   2   6   4   3   4   4   3   4   6

Raw scores:
1:      3   3   5   3   3   5   2   3   4   3   4   5   2   4   5   3   4   3
2:      3   3   5   2   4   3   2   3   5   3   4   4   3   3   5   3   4   3
3:      3   3   5   2   5   5   2   4   4   3   4   4   4   4   4   3   4   4
4:      3   3   5   3   3   4   3   4   5   3   3   5   2   3   4   3   4   4
5:      3   3   5   3   4   5   3   3   5   2   4   4   4   3   4   2   3   3
6:      3   3   6   2   3   4   2   3   6   3   4   5   2   4   4   2   4   3
7:      3   3   6   2   3   5   2   3   5   3   4   5   2   3   4   2   4   4
8:      3   3   5   3   5   3   2   3   6   2   3   4   3   4   4   2   3   4

Earned point sums:
1:      0   0   0   0   0   0   0   0   3   0   0   0   0   0   0   0   0   0
2:      0   0   0   0   0   6   0   0   0   0   0   0   0   0   0   0   0   0
3:      0   0   0   0   0   0   0   0   3   0   0   0   0   0   0   0   0   0
4:      0   0   0   0   0   0   0   0   0   0   1   0   0   0   0   0   0   0
5:      0   0   0   0   0   0   0   0   0   1   0   0   0   0   0   0   6   0
6:      0   0   0   0   0   0   0   0   0   0   0   0   0   0   0   0   0   0
7:      0   0   0   0   0   0   0   0   0   0   0   0   0   0   0   0   0   0
8:      0   0   0   0   0   6   0   0   0   1   1   0   0   0   0   0   6   0

Adjusted Sums:
1:      3
2:      6
3:      3
4:      1
5:      7
6:      0
7:      0
8:      14
